|	acq	|	money-fx	|	grain	|	crude	|	trade	|	interest	|	ship	|	wheat	|	corn	|	cluster size	
[[  0. 256.  10.   6.   4. 118.   4.   7.   2. 310.]
 [  7.   0.   9.  56.   0.   0. 118.   1.   0. 152.]
 [  1.   2.  48.  22.   1.   9.  14.  24.  29.  93.]
 [  0.   0. 137.  17.   5.   0.  21.  73.  62. 171.]
 [ 14.   4.   0. 200.   2.   1.   1.   0.   0. 212.]
 [  2.  93.   1.  10.  84. 126.   2.   0.   0. 261.]
 [366.   2.   2.  22.   1.   3.  15.   0.   2. 399.]
 [  1.   2. 168.   3.  10.   0.  10.  89.  60. 187.]
 [  9.  92.  13.  13. 230.  18.   1.   3.   4. 339.]]


accuracy -  0.776365348399
